0
0.00756
0.01513
0.02269
0.03025
0.03782
0.04538
0.05295
0.06051
0.06807
0.07564
0.0832
0.09076
0.09833
0.10589
0.11345
0.12102
0.12858
0.13615
0.14371
0.15127
0.15884
0.1664
0.17396
0.18153
0.18909
0.19665
0.20422
0.21178
0.21935
0.22691
0.23447
0.24204
0.2496
0.25716
0.26473
0.27229
0.27985
0.28742
0.29498
0.30255
0.31011
0.31767
0.32524
0.3328
0.34036
0.34793
0.35549
0.36305
0.37062
0.37818
0.38575
0.39331
0.40087
0.40844
0.416
0.42356
0.43113
0.43869
0.44625
0.45382
0.46138
0.46895
0.47651
0.48407
0.49164
0.4992
0.50676
0.51433
0.52189
0.52945
0.53702
0.54458
0.55215
0.55971
0.56727
0.57484
0.5824
0.58996
0.59753
0.60509
0.61265
0.62022
0.62778
0.63535
0.64291
0.65047
0.65804
0.6656
0.67316
0.68073
0.68829
0.69585
0.70342
0.71098
0.71855
0.72611
0.73367
0.74124
0.7488
0.75636
0.76393
0.77149
0.77905
0.78662
0.79418
0.80175
0.80931
0.81687
0.82444
0.832
0.83956
0.84713
0.85469
0.86225
0.86982
0.87738
0.88495
0.89251
0.90007
0.90764
0.9152
0.92276
0.93033
0.93789
0.94545
0.95302
0.96058
0.96815
0.97571
0.98327
0.99084
0.9984
1.00596
1.01353
1.02109
1.02865
1.03622
1.04378
1.05135
1.05891
1.06647
1.07404
1.0816
1.08916
1.09673
1.10429
1.11185
1.11942
1.12698
1.13455
1.14211
1.14967
1.15724
1.1648
1.17236
1.17993
1.18749
1.19505
1.20262
1.21018
1.21775
1.22531
1.23287
1.24044
1.248
1.25556
1.26313
1.27069
1.27825
1.28582
1.29338
1.30095
1.30851
1.31607
1.32364
1.3312
1.33876
1.34633
1.35389
1.36145
1.36902
1.37658
1.38415
1.39171
1.39927
1.40684
1.4144
1.42196
1.42953
1.43709
1.44465
1.45222
1.45978
1.46735
1.47491
1.48247
1.49004
1.4976
1.50516
1.51273
1.52029
1.52785
1.53542
1.54298
1.55055
1.55811
1.56567
1.57324
1.5808
1.58836
1.59593
1.60349
1.61105
1.61862
1.62618
1.63375
1.64131
1.64887
1.65644
1.664
1.67156
1.67913
1.68669
1.69425
1.70182
1.70938
1.71695
1.72451
1.73207
1.73964
1.7472
1.75476
1.76233
1.76989
1.77745
1.78502
1.79258
1.80015
1.80771
1.81527
1.82284
1.8304
1.83796
1.84553
1.85309
1.86065
1.86822
1.87578
1.88335
1.89091
1.89847
1.90604
1.9136
1.92116
1.92873
1.93629
1.94385
1.95142
1.95898
1.96655
1.97411
1.98167
1.98924
1.9968
2.00436
2.01193
2.01949
2.02705
2.03462
2.04218
2.04975
2.05731
2.06487
2.07244
2.08
2.08756
2.09513
2.10269
2.11025
2.11782
2.12538
2.13295
2.14051
2.14807
2.15564
2.1632
2.17076
2.17833
2.18589
2.19345
2.20102
2.20858
2.21615
2.22371
2.23127
2.23884
2.2464
2.25396
2.26153
2.26909
2.27665
2.28422
2.29178
2.29935
2.30691
2.31447
2.32204
2.3296
2.33716
2.34473
2.35229
2.35985
2.36742
2.37498
2.38255
2.39011
2.39767
2.40524
2.4128
2.42036
2.42793
2.43549
2.44305
2.45062
2.45818
2.46575
2.47331
2.48087
2.48844
2.496
2.50356
2.51113
2.51869
2.52625
2.53382
2.54138
2.54895
2.55651
2.56407
2.57164
2.5792
2.58676
2.59433
2.60189
2.60945
2.61702
2.62458
2.63215
2.63971
2.64727
2.65484
2.6624
2.66996
2.67753
2.68509
2.69265
2.70022
2.70778
2.71535
2.72291
2.73047
2.73804
2.7456
2.75316
2.76073
2.76829
2.77585
2.78342
2.79098
2.79855
2.80611
2.81367
2.82124
2.8288
2.83636
2.84393
2.85149
2.85905
2.86662
2.87418
2.88175
2.88931
2.89687
2.90444
2.912
2.91956
2.92713
2.93469
2.94225
2.94982
2.95738
2.96495
2.97251
2.98007
2.98764
2.9952
3.00276
3.01033
3.01789
3.02545
3.03302
3.04058
3.04815
3.05571
3.06327
3.07084
3.0784
3.08596
3.09353
3.10109
3.10865
3.11622
3.12378
3.13135
3.13891
3.14647
3.15404
3.1616
3.16916
3.17673
3.18429
3.19185
3.19942
3.20698
3.21455
3.22211
3.22967
3.23724
3.2448
3.25236
3.25993
3.26749
3.27505
3.28262
3.29018
3.29775
3.30531
3.31287
3.32044
3.328
3.33556
3.34313
3.35069
3.35825
3.36582
3.37338
3.38095
3.38851
3.39607
3.40364
3.4112
3.41876
3.42633
3.43389
3.44145
3.44902
3.45658
3.46415
3.47171
3.47927
3.48684
3.4944
3.50196
3.50953
3.51709
3.52465
3.53222
3.53978
3.54735
3.55491
3.56247
3.57004
3.5776
3.58516
3.59273
3.60029
3.60785
3.61542
3.62298
3.63055
3.63811
3.64567
3.65324
3.6608
3.66836
3.67593
3.68349
3.69105
3.69862
3.70618
3.71375
3.72131
3.72887
3.73644
3.744
3.75156
3.75913
3.76669
3.77425
3.78182
3.78938
3.79695
3.80451
3.81207
3.81964
3.8272
3.83476
3.84233
3.84989
3.85745
3.86502
3.87258
3.88015
3.88771
3.89527
3.90284
3.9104
3.91796
3.92553
3.93309
3.94065
3.94822
3.95578
3.96335
3.97091
3.97847
3.98604
3.9936
4.00116
4.00873
4.01629
4.02385
4.03142
4.03898
4.04655
4.05411
4.06167
4.06924
4.0768
4.08436
4.09193
4.09949
4.10705
4.11462
4.12218
4.12975
4.13731
4.14487
4.15244
4.16
4.16756
4.17513
4.18269
4.19025
4.19782
4.20538
4.21295
4.22051
4.22807
4.23564
4.2432
4.25076
4.25833
4.26589
4.27345
4.28102
4.28858
4.29615
4.30371
4.31127
4.31884
4.3264
4.33396
4.34153
4.34909
4.35665
4.36422
4.37178
4.37935
4.38691
4.39447
4.40204
4.4096
4.41716
4.42473
4.43229
4.43985
4.44742
4.45498
4.46255
4.47011
4.47767
4.48524
4.4928
4.50036
4.50793
4.51549
4.52305
4.53062
4.53818
4.54575
4.55331
4.56087
4.56844
4.576
4.58356
4.59113
4.59869
4.60625
4.61382
4.62138
4.62895
4.63651
4.64407
4.65164
4.6592
4.66676
4.67433
4.68189
4.68945
4.69702
4.70458
4.71215
4.71971
4.72727
4.73484
4.7424
4.74996
4.75753
4.76509
4.77265
4.78022
4.78778
4.79535
4.80291
4.81047
4.81804
4.8256
4.83316
4.84073
4.84829
4.85585
4.86342
4.87098
4.87855
4.88611
4.89367
4.90124
4.9088
4.91636
4.92393
4.93149
4.93905
4.94662
4.95418
4.96175
4.96931
4.97687
4.98444
4.992
4.99956
5.00713
5.01469
5.02225
5.02982
5.03738
5.04495
5.05251
5.06007
5.06764
5.0752
5.08276
5.09033
5.09789
5.10545
5.11302
5.12058
5.12815
5.13571
5.14327
5.15084
5.1584
5.16596
5.17353
5.18109
5.18865
5.19622
5.20378
5.21135
5.21891
5.22647
5.23404
5.2416
5.24916
5.25673
5.26429
5.27185
5.27942
5.28698
5.29455
5.30211
5.30967
5.31724
5.3248
5.33236
5.33993
5.34749
5.35505
5.36262
5.37018
5.37775
5.38531
5.39287
5.40044
5.408
5.41556
5.42313
5.43069
5.43825
5.44582
5.45338
5.46095
5.46851
5.47607
5.48364
5.4912
5.49876
5.50633
5.51389
5.52145
5.52902
5.53658
5.54415
5.55171
5.55927
5.56684
5.5744
5.58196
5.58953
5.59709
5.60465
5.61222
5.61978
5.62735
5.63491
5.64247
5.65004
5.6576
5.66516
5.67273
5.68029
5.68785
5.69542
5.70298
5.71055
5.71811
5.72567
5.73324
5.7408
5.74836
5.75593
5.76349
5.77105
5.77862
5.78618
5.79375
5.80131
5.80887
5.81644
5.824
5.83156
5.83913
5.84669
5.85425
5.86182
5.86938
5.87695
5.88451
5.89207
5.89964
5.9072
5.91476
5.92233
5.92989
5.93745
5.94502
5.95258
5.96015
5.96771
5.97527
5.98284
5.9904
5.99796
6.00553
6.01309
6.02065
6.02822
6.03578
6.04335
6.05091
6.05847
6.06604
6.0736
6.08116
6.08873
6.09629
6.10385
6.11142
6.11898
6.12655
6.13411
6.14167
6.14924
6.1568
6.16436
6.17193
6.17949
6.18705
6.19462
6.20218
6.20975
6.21731
6.22487
6.23244
6.24
6.24756
6.25513
6.26269
6.27025
6.27782
6.28538
6.29295
6.30051
6.30807
6.31564
6.3232
6.33076
6.33833
6.34589
6.35345
6.36102
6.36858
6.37615
6.38371
6.39127
6.39884
6.4064
6.41396
6.42153
6.42909
6.43665
6.44422
6.45178
6.45935
6.46691
6.47447
6.48204
6.4896
6.49716
6.50473
6.51229
6.51985
6.52742
6.53498
6.54255
6.55011
6.55767
6.56524
6.5728
6.58036
6.58793
6.59549
6.60305
6.61062
6.61818
6.62575
6.63331
6.64087
6.64844
6.656
6.66356
6.67113
6.67869
6.68625
6.69382
6.70138
6.70895
6.71651
6.72407
6.73164
6.7392
6.74676
6.75433
6.76189
6.76945
6.77702
6.78458
6.79215
6.79971
6.80727
6.81484
6.8224
6.82996
6.83753
6.84509
6.85265
6.86022
6.86778
6.87535
6.88291
6.89047
6.89804
6.9056
6.91316
6.92073
6.92829
6.93585
6.94342
6.95098
6.95855
6.96611
6.97367
6.98124
6.9888
6.99636
7.00393
7.01149
7.01905
7.02662
7.03418
7.04175
7.04931
7.05687
7.06444
7.072
7.07956
7.08713
7.09469
7.10225
7.10982
7.11738
7.12495
7.13251
7.14007
7.14764
7.1552
7.16276
7.17033
7.17789
7.18545
7.19302
7.20058
7.20815
7.21571
7.22327
7.23084
7.2384
7.24596
7.25353
7.26109
7.26865
7.27622
7.28378
7.29135
7.29891
7.30647
7.31404
7.3216
7.32916
7.33673
7.34429
7.35185
7.35942
7.36698
7.37455
7.38211
7.38967
7.39724
7.4048
7.41236
7.41993
7.42749
7.43505
7.44262
7.45018
7.45775
7.46531
7.47287
7.48044
7.488
7.49556
7.50313
7.51069
7.51825
7.52582
7.53338
7.54095
7.54851
7.55607
7.56364
7.5712
7.57876
7.58633
7.59389
7.60145
7.60902
7.61658
7.62415
7.63171
7.63927
7.64684
7.6544
7.66196
7.66953
7.67709
7.68465
7.69222
7.69978
7.70735
7.71491
7.72247
7.73004
7.7376
7.74516
7.75273
7.76029
7.76785
7.77542
7.78298
7.79055
7.79811
7.80567
7.81324
7.8208
7.82836
7.83593
7.84349
7.85105
7.85862
7.86618
7.87375
7.88131
7.88887
7.89644
7.904
7.91156
7.91913
7.92669
7.93425
7.94182
7.94938
7.95695
7.96451
7.97207
7.97964
7.9872
7.99476
8.00233
8.00989
8.01745
8.02502
8.03258
8.04015
8.04771
8.05527
8.06284
8.0704
8.07796
8.08553
8.09309
8.10065
8.10822
8.11578
8.12335
8.13091
8.13847
8.14604
8.1536
8.16116
8.16873
8.17629
8.18385
8.19142
8.19898
8.20655
8.21411
8.22167
8.22924
8.2368
8.24436
8.25193
8.25949
8.26705
8.27462
8.28218
8.28975
8.29731
8.30487
8.31244
8.32
8.32756
8.33513
8.34269
8.35025
8.35782
8.36538
8.37295
8.38051
8.38807
8.39564
8.4032
8.41076
8.41833
8.42589
8.43345
8.44102
8.44858
8.45615
8.46371
8.47127
8.47884
8.4864
8.49396
8.50153
8.50909
8.51665
8.52422
8.53178
8.53935
8.54691
8.55447
8.56204
8.5696
8.57716
8.58473
8.59229
8.59985
8.60742
8.61498
8.62255
8.63011
8.63767
8.64524
8.6528
8.66036
8.66793
8.67549
8.68305
8.69062
8.69818
8.70575
8.71331
8.72087
8.72844
8.736
8.74356
8.75113
8.75869
8.76625
8.77382
8.78138
8.78895
8.79651
8.80407
8.81164
8.8192
8.82676
8.83433
8.84189
8.84945
8.85702
8.86458
8.87215
8.87971
8.88727
8.89484
8.9024
8.90996
8.91753
8.92509
8.93265
8.94022
8.94778
8.95535
8.96291
8.97047
8.97804
8.9856
8.99316
9.00073
9.00829
9.01585
9.02342
9.03098
9.03855
9.04611
9.05367
9.06124
9.0688
9.07636
9.08393
9.09149
9.09905
9.10662
9.11418
9.12175
9.12931
9.13687
9.14444
9.152
9.15956
9.16713
9.17469
9.18225
9.18982
9.19738
9.20495
9.21251
9.22007
9.22764
9.2352
9.24276
9.25033
9.25789
9.26545
9.27302
9.28058
9.28815
9.29571
9.30327
9.31084
9.3184
9.32596
9.33353
9.34109
9.34865
9.35622
9.36378
9.37135
9.37891
9.38647
9.39404
9.4016
9.40916
9.41673
9.42429
9.43185
9.43942
9.44698
9.45455
9.46211
9.46967
9.47724
9.4848
9.49236
9.49993
9.50749
9.51505
9.52262
9.53018
9.53775
9.54531
9.55287
9.56044
9.568
9.57556
9.58313
9.59069
9.59825
9.60582
9.61338
9.62095
9.62851
9.63607
9.64364
9.6512
9.65876
9.66633
9.67389
9.68145
9.68902
9.69658
9.70415
9.71171
9.71927
9.72684
9.7344
9.74196
9.74953
9.75709
9.76465
9.77222
9.77978
9.78735
9.79491
9.80247
9.81004
9.8176
9.82516
9.83273
9.84029
9.84785
9.85542
9.86298
9.87055
9.87811
9.88567
9.89324
9.9008
9.90836
9.91593
9.92349
9.93105
9.93862
9.94618
9.95375
9.96131
9.96887
9.97644
9.984
9.99156
9.99913
10.00669
10.01425
10.02182
10.02938
10.03695
10.04451
10.05207
10.05964
10.0672
10.07476
10.08233
10.08989
10.09745
10.10502
10.11258
10.12015
10.12771
10.13527
10.14284
10.1504
10.15796
10.16553
10.17309
10.18065
10.18822
10.19578
10.20335
10.21091
10.21847
10.22604
10.2336
10.24116
10.24873
10.25629
10.26385
10.27142
10.27898
10.28655
10.29411
10.30167
10.30924
10.3168
10.32436
10.33193
10.33949
10.34705
10.35462
10.36218
10.36975
10.37731
10.38487
10.39244
10.4
10.40756
10.41513
10.42269
10.43025
10.43782
10.44538
10.45295
10.46051
10.46807
10.47564
10.4832
10.49076
10.49833
10.50589
10.51345
10.52102
10.52858
10.53615
10.54371
10.55127
10.55884
10.5664
10.57396
10.58153
10.58909
10.59665
10.60422
10.61178
10.61935
10.62691
10.63447
10.64204
10.6496
10.65716
10.66473
10.67229
10.67985
10.68742
10.69498
10.70255
10.71011
10.71767
10.72524
10.7328
10.74036
10.74793
10.75549
10.76305
10.77062
10.77818
10.78575
10.79331
10.80087
10.80844
10.816
10.82356
10.83113
10.83869
10.84625
10.85382
10.86138
10.86895
10.87651
10.88407
10.89164
10.8992
10.90676
10.91433
10.92189
10.92945
10.93702
10.94458
10.95215
10.95971
10.96727
10.97484
10.9824
10.98996
10.99753
11.00509
11.01265
11.02022
11.02778
11.03535
11.04291
11.05047
11.05804
11.0656
11.07316
11.08073
11.08829
11.09585
11.10342
11.11098
11.11855
11.12611
11.13367
11.14124
11.1488
11.15636
11.16393
11.17149
11.17905
11.18662
11.19418
11.20175
11.20931
11.21687
11.22444
11.232
11.23956
11.24713
11.25469
11.26225
11.26982
11.27738
11.28495
11.29251
11.30007
11.30764
11.3152
11.32276
11.33033
11.33789
11.34545
11.35302
11.36058
11.36815
11.37571
11.38327
11.39084
11.3984
11.40596
11.41353
11.42109
11.42865
11.43622
11.44378
11.45135
11.45891
11.46647
11.47404
11.4816
11.48916
11.49673
11.50429
11.51185
11.51942
11.52698
11.53455
11.54211
11.54967
11.55724
11.5648
11.57236
11.57993
11.58749
11.59505
11.60262
11.61018
11.61775
11.62531
11.63287
11.64044
11.648
11.65556
11.66313
11.67069
11.67825
11.68582
11.69338
11.70095
11.70851
11.71607
11.72364
11.7312
11.73876
11.74633
11.75389
11.76145
11.76902
11.77658
11.78415
11.79171
11.79927
11.80684
11.8144
11.82196
11.82953
11.83709
11.84465
11.85222
11.85978
11.86735
11.87491
11.88247
11.89004
11.8976
11.90516
11.91273
11.92029
11.92785
11.93542
11.94298
11.95055
11.95811
11.96567
11.97324
11.9808
11.98836
11.99593
12.00349
12.01105
12.01862
12.02618
12.03375
12.04131
12.04887
12.05644
12.064
12.07156
12.07913
12.08669
12.09425
12.10182
12.10938
12.11695
12.12451
12.13207
12.13964
12.1472
12.15476
12.16233
12.16989
12.17745
12.18502
12.19258
12.20015
12.20771
12.21527
12.22284
12.2304
12.23796
12.24553
12.25309
12.26065
12.26822
12.27578
12.28335
12.29091
12.29847
12.30604
12.3136
12.32116
12.32873
12.33629
12.34385
12.35142
12.35898
12.36655
12.37411
12.38167
12.38924
12.3968
12.40436
12.41193
12.41949
12.42705
12.43462
12.44218
12.44975
12.45731
12.46487
12.47244
12.48
12.48756
12.49513
12.50269
12.51025
12.51782
12.52538
12.53295
12.54051
12.54807
12.55564
12.5632
12.57076
12.57833
12.58589
12.59345
12.60102
12.60858
12.61615
12.62371
12.63127
12.63884
12.6464
12.65396
12.66153
12.66909
12.67665
12.68422
12.69178
12.69935
12.70691
12.71447
12.72204
12.7296
12.73716
12.74473
12.75229
12.75985
12.76742
12.77498
12.78255
12.79011
12.79767
12.80524
12.8128
12.82036
12.82793
12.83549
12.84305
12.85062
12.85818
12.86575
12.87331
12.88087
12.88844
12.896
12.90356
12.91113
12.91869
12.92625
12.93382
12.94138
12.94895
12.95651
12.96407
12.97164
12.9792
12.98676
12.99433
13.00189
13.00945
13.01702
13.02458
13.03215
13.03971
13.04727
13.05484
13.0624
13.06996
13.07753
13.08509
13.09265
13.10022
13.10778
13.11535
13.12291
13.13047
13.13804
13.1456
13.15316
13.16073
13.16829
13.17585
13.18342
13.19098
13.19855
13.20611
13.21367
13.22124
13.2288
13.23636
13.24393
13.25149
13.25905
13.26662
13.27418
13.28175
13.28931
13.29687
13.30444
13.312
13.31956
13.32713
13.33469
13.34225
13.34982
13.35738
13.36495
13.37251
13.38007
13.38764
13.3952
13.40276
13.41033
13.41789
13.42545
13.43302
13.44058
13.44815
13.45571
13.46327
13.47084
13.4784
13.48596
13.49353
13.50109
13.50865
13.51622
13.52378
13.53135
13.53891
13.54647
13.55404
13.5616
13.56916
13.57673
13.58429
13.59185
13.59942
13.60698
13.61455
13.62211
13.62967
13.63724
13.6448
13.65236
13.65993
13.66749
13.67505
13.68262
13.69018
13.69775
13.70531
13.71287
13.72044
13.728
13.73556
13.74313
13.75069
13.75825
13.76582
13.77338
13.78095
13.78851
13.79607
13.80364
13.8112
13.81876
13.82633
13.83389
13.84145
13.84902
13.85658
13.86415
13.87171
13.87927
13.88684
13.8944
13.90196
13.90953
13.91709
13.92465
13.93222
13.93978
13.94735
13.95491
13.96247
13.97004
13.9776
13.98516
13.99273
14.00029
14.00785
14.01542
14.02298
14.03055
14.03811
14.04567
14.05324
14.0608
14.06836
14.07593
14.08349
14.09105
14.09862
14.10618
14.11375
14.12131
14.12887
14.13644
14.144
14.15156
14.15913
14.16669
14.17425
14.18182
14.18938
14.19695
14.20451
14.21207
14.21964
14.2272
14.23476
14.24233
14.24989
14.25745
14.26502
14.27258
14.28015
14.28771
14.29527
14.30284
14.3104
14.31796
14.32553
14.33309
14.34065
14.34822
14.35578
14.36335
14.37091
14.37847
14.38604
14.3936
14.40116
14.40873
14.41629
14.42385
14.43142
14.43898
14.44655
14.45411
14.46167
14.46924
14.4768
14.48436
14.49193
14.49949
14.50705
14.51462
14.52218
14.52975
14.53731
14.54487
14.55244
14.56
14.56756
14.57513
14.58269
14.59025
14.59782
14.60538
14.61295
14.62051
14.62807
14.63564
14.6432
14.65076
14.65833
14.66589
14.67345
14.68102
14.68858
14.69615
14.70371
14.71127
14.71884
14.7264
14.73396
14.74153
14.74909
14.75665
14.76422
14.77178
14.77935
14.78691
14.79447
14.80204
14.8096
14.81716
14.82473
14.83229
14.83985
14.84742
14.85498
14.86255
14.87011
14.87767
14.88524
14.8928
14.90036
14.90793
14.91549
14.92305
14.93062
14.93818
14.94575
14.95331
14.96087
14.96844
14.976
14.98356
14.99113
14.99869
15.00625
15.01382
15.02138
15.02895
15.03651
15.04407
15.05164
15.0592
15.06676
15.07433
15.08189
15.08945
15.09702
15.10458
15.11215
15.11971
15.12727
15.13484
15.1424
15.14996
15.15753
15.16509
15.17265
15.18022
15.18778
15.19535
15.20291
15.21047
15.21804
15.2256
15.23316
15.24073
15.24829
15.25585
15.26342
15.27098
15.27855
15.28611
15.29367
15.30124
15.3088
15.31636
15.32393
15.33149
15.33905
15.34662
15.35418
15.36175
15.36931
15.37687
15.38444
15.392
15.39956
15.40713
15.41469
15.42225
15.42982
15.43738
15.44495
15.45251
15.46007
15.46764
15.4752
15.48276
15.49033
15.49789
15.50545
15.51302
15.52058
15.52815
15.53571
15.54327
15.55084
15.5584
15.56596
15.57353
15.58109
15.58865
15.59622
15.60378
15.61135
15.61891
15.62647
15.63404
15.6416
15.64916
15.65673
15.66429
15.67185
15.67942
15.68698
15.69455
15.70211
15.70967
15.71724
15.7248
15.73236
15.73993
15.74749
15.75505
15.76262
15.77018
15.77775
15.78531
15.79287
15.80044
15.808
15.81556
15.82313
15.83069
15.83825
15.84582
15.85338
15.86095
15.86851
15.87607
15.88364
15.8912
15.89876
15.90633
15.91389
15.92145
15.92902
15.93658
15.94415
15.95171
15.95927
15.96684
15.9744
15.98196
15.98953
15.99709
16.00465
16.01222
16.01978
16.02735
16.03491
16.04247
16.05004
16.0576
16.06516
16.07273
16.08029
16.08785
16.09542
16.10298
16.11055
16.11811
16.12567
16.13324
16.1408
16.14836
16.15593
16.16349
16.17105
16.17862
16.18618
16.19375
16.20131
16.20887
16.21644
16.224
16.23156
16.23913
16.24669
16.25425
16.26182
16.26938
16.27695
16.28451
16.29207
16.29964
16.3072
16.31476
16.32233
16.32989
16.33745
16.34502
16.35258
16.36015
16.36771
16.37527
16.38284
16.3904
16.39796
16.40553
16.41309
16.42065
16.42822
16.43578
16.44335
16.45091
16.45847
16.46604
16.4736
16.48116
16.48873
16.49629
16.50385
16.51142
16.51898
16.52655
16.53411
16.54167
16.54924
16.5568
16.56436
16.57193
16.57949
16.58705
16.59462
16.60218
16.60975
16.61731
16.62487
16.63244
16.64
16.64756
16.65513
16.66269
16.67025
16.67782
16.68538
16.69295
16.70051
16.70807
16.71564
16.7232
16.73076
16.73833
16.74589
16.75345
16.76102
16.76858
16.77615
16.78371
16.79127
16.79884
16.8064
16.81396
16.82153
16.82909
16.83665
16.84422
16.85178
16.85935
16.86691
16.87447
16.88204
16.8896
16.89716
16.90473
16.91229
16.91985
16.92742
16.93498
16.94255
16.95011
16.95767
16.96524
16.9728
16.98036
16.98793
16.99549
17.00305
17.01062
17.01818
17.02575
17.03331
17.04087
17.04844
17.056
17.06356
17.07113
17.07869
17.08625
17.09382
17.10138
17.10895
17.11651
17.12407
17.13164
17.1392
17.14676
17.15433
17.16189
17.16945
17.17702
17.18458
17.19215
17.19971
17.20727
17.21484
17.2224
17.22996
17.23753
17.24509
17.25265
17.26022
17.26778
17.27535
17.28291
17.29047
17.29804
17.3056
17.31316
17.32073
17.32829
17.33585
17.34342
17.35098
17.35855
17.36611
17.37367
17.38124
17.3888
17.39636
17.40393
17.41149
17.41905
17.42662
17.43418
17.44175
17.44931
17.45687
17.46444
17.472
17.47956
17.48713
17.49469
17.50225
17.50982
17.51738
17.52495
17.53251
17.54007
17.54764
17.5552
17.56276
17.57033
17.57789
17.58545
17.59302
17.60058
17.60815
17.61571
17.62327
17.63084
17.6384
17.64596
17.65353
17.66109
17.66865
17.67622
17.68378
17.69135
17.69891
17.70647
17.71404
17.7216
17.72916
17.73673
17.74429
17.75185
17.75942
17.76698
17.77455
17.78211
17.78967
17.79724
17.8048
17.81236
17.81993
17.82749
17.83505
17.84262
17.85018
17.85775
17.86531
17.87287
17.88044
17.888
17.89556
17.90313
17.91069
17.91825
17.92582
17.93338
17.94095
17.94851
17.95607
17.96364
17.9712
17.97876
17.98633
17.99389
18.00145
18.00902
18.01658
18.02415
18.03171
18.03927
18.04684
18.0544
18.06196
18.06953
18.07709
18.08465
18.09222
18.09978
18.10735
18.11491
18.12247
18.13004
18.1376
18.14516
18.15273
18.16029
18.16785
18.17542
18.18298
18.19055
18.19811
18.20567
18.21324
18.2208
18.22836
18.23593
18.24349
18.25105
18.25862
18.26618
18.27375
18.28131
18.28887
18.29644
18.304
18.31156
18.31913
18.32669
18.33425
18.34182
18.34938
18.35695
18.36451
18.37207
18.37964
18.3872
18.39476
18.40233
18.40989
18.41745
18.42502
18.43258
18.44015
18.44771
18.45527
18.46284
18.4704
18.47796
18.48553
18.49309
18.50065
18.50822
18.51578
18.52335
18.53091
18.53847
18.54604
18.5536
18.56116
18.56873
18.57629
18.58385
18.59142
18.59898
18.60655
18.61411
18.62167
18.62924
18.6368
18.64436
18.65193
18.65949
18.66705
18.67462
18.68218
18.68975
18.69731
18.70487
18.71244
18.72
18.72756
18.73513
18.74269
18.75025
18.75782
18.76538
18.77295
18.78051
18.78807
18.79564
18.8032
18.81076
18.81833
18.82589
18.83345
18.84102
18.84858
18.85615
18.86371
18.87127
18.87884
18.8864
18.89396
18.90153
18.90909
18.91665
18.92422
18.93178
18.93935
18.94691
18.95447
18.96204
18.9696
18.97716
18.98473
18.99229
18.99985
19.00742
19.01498
19.02255
19.03011
19.03767
19.04524
19.0528
19.06036
19.06793
19.07549
19.08305
19.09062
19.09818
19.10575
19.11331
19.12087
19.12844
19.136
19.14356
19.15113
19.15869
19.16625
19.17382
19.18138
19.18895
19.19651
19.20407
19.21164
19.2192
19.22676
19.23433
19.24189
19.24945
19.25702
19.26458
19.27215
19.27971
19.28727
19.29484
19.3024
19.30996
19.31753
19.32509
19.33265
19.34022
19.34778
19.35535
19.36291
19.37047
19.37804
19.3856
19.39316
19.40073
19.40829
19.41585
19.42342
19.43098
19.43855
19.44611
19.45367
19.46124
19.4688
19.47636
19.48393
19.49149
19.49905
19.50662
19.51418
19.52175
19.52931
19.53687
19.54444
19.552
19.55956
19.56713
19.57469
19.58225
19.58982
19.59738
19.60495
19.61251
19.62007
19.62764
19.6352
19.64276
19.65033
19.65789
19.66545
19.67302
19.68058
19.68815
19.69571
19.70327
19.71084
19.7184
19.72596
19.73353
19.74109
19.74865
19.75622
19.76378
19.77135
19.77891
19.78647
19.79404
19.8016
19.80916
19.81673
19.82429
19.83185
19.83942
19.84698
19.85455
19.86211
19.86967
19.87724
19.8848
19.89236
19.89993
19.90749
19.91505
19.92262
19.93018
19.93775
19.94531
19.95287
19.96044
19.968
19.97556
19.98313
19.99069
19.99825
20.00582
20.01338
20.02095
20.02851
20.03607
20.04364
20.0512
20.05876
20.06633
20.07389
20.08145
20.08902
20.09658
20.10415
20.11171
20.11927
20.12684
20.1344
20.14196
20.14953
20.15709
20.16465
20.17222
20.17978
20.18735
20.19491
20.20247
20.21004
20.2176
20.22516
20.23273
20.24029
20.24785
20.25542
20.26298
20.27055
20.27811
20.28567
20.29324
20.3008
20.30836
20.31593
20.32349
20.33105
20.33862
20.34618
20.35375
20.36131
20.36887
20.37644
20.384
20.39156
20.39913
20.40669
20.41425
20.42182
20.42938
20.43695
20.44451
20.45207
20.45964
20.4672
20.47476
20.48233
20.48989
20.49745
20.50502
20.51258
20.52015
20.52771
20.53527
20.54284
20.5504
20.55796
20.56553
20.57309
20.58065
20.58822
20.59578
20.60335
20.61091
20.61847
20.62604
20.6336
20.64116
20.64873
20.65629
20.66385
20.67142
20.67898
20.68655
20.69411
20.70167
20.70924
20.7168
20.72436
20.73193
20.73949
20.74705
20.75462
20.76218
20.76975
20.77731
20.78487
20.79244
20.8
20.80756
20.81513
20.82269
20.83025
20.83782
20.84538
20.85295
20.86051
20.86807
20.87564
20.8832
20.89076
20.89833
20.90589
20.91345
20.92102
20.92858
20.93615
20.94371
20.95127
20.95884
20.9664
20.97396
20.98153
20.98909
20.99665
21.00422
21.01178
21.01935
21.02691
21.03447
21.04204
21.0496
21.05716
21.06473
21.07229
21.07985
21.08742
21.09498
21.10255
21.11011
21.11767
21.12524
21.1328
21.14036
21.14793
21.15549
21.16305
21.17062
21.17818
21.18575
21.19331
21.20087
21.20844
21.216
21.22356
21.23113
21.23869
21.24625
21.25382
21.26138
21.26895
21.27651
21.28407
21.29164
21.2992
21.30676
21.31433
21.32189
21.32945
21.33702
21.34458
21.35215
21.35971
21.36727
21.37484
21.3824
21.38996
21.39753
21.40509
21.41265
21.42022
21.42778
21.43535
21.44291
21.45047
21.45804
21.4656
21.47316
21.48073
21.48829
21.49585
21.50342
21.51098
21.51855
21.52611
21.53367
21.54124
21.5488
21.55636
21.56393
21.57149
21.57905
21.58662
21.59418
21.60175
21.60931
21.61687
21.62444
21.632
21.63956
21.64713
21.65469
21.66225
21.66982
21.67738
21.68495
21.69251
21.70007
21.70764
21.7152
21.72276
21.73033
21.73789
21.74545
21.75302
21.76058
21.76815
21.77571
21.78327
21.79084
21.7984
21.80596
21.81353
21.82109
21.82865
21.83622
21.84378
21.85135
21.85891
21.86647
21.87404
21.8816
21.88916
21.89673
21.90429
21.91185
21.91942
21.92698
21.93455
21.94211
21.94967
21.95724
21.9648
21.97236
21.97993
21.98749
21.99505
22.00262
22.01018
22.01775
22.02531
22.03287
22.04044
22.048
22.05556
22.06313
22.07069
22.07825
22.08582
22.09338
22.10095
22.10851
22.11607
22.12364
22.1312
22.13876
22.14633
22.15389
22.16145
22.16902
22.17658
22.18415
22.19171
22.19927
22.20684
22.2144
22.22196
22.22953
22.23709
22.24465
22.25222
22.25978
22.26735
22.27491
22.28247
22.29004
22.2976
22.30516
22.31273
22.32029
22.32785
22.33542
22.34298
22.35055
22.35811
22.36567
22.37324
22.3808
22.38836
22.39593
22.40349
22.41105
22.41862
22.42618
22.43375
22.44131
22.44887
22.45644
22.464
22.47156
22.47913
22.48669
22.49425
22.50182
22.50938
22.51695
22.52451
22.53207
22.53964
22.5472
22.55476
22.56233
22.56989
22.57745
22.58502
22.59258
22.60015
22.60771
22.61527
22.62284
22.6304
22.63796
22.64553
22.65309
22.66065
22.66822
22.67578
22.68335
22.69091
22.69847
22.70604
22.7136
22.72116
22.72873
22.73629
22.74385
22.75142
22.75898
22.76655
22.77411
22.78167
22.78924
22.7968
22.80436
22.81193
22.81949
22.82705
22.83462
22.84218
22.84975
22.85731
22.86487
22.87244
22.88
22.88756
22.89513
22.90269
22.91025
22.91782
22.92538
22.93295
22.94051
22.94807
22.95564
22.9632
22.97076
22.97833
22.98589
22.99345
23.00102
23.00858
23.01615
23.02371
23.03127
23.03884
23.0464
23.05396
23.06153
23.06909
23.07665
23.08422
23.09178
23.09935
23.10691
23.11447
23.12204
23.1296
23.13716
23.14473
23.15229
23.15985
23.16742
23.17498
23.18255
23.19011
23.19767
23.20524
23.2128
23.22036
23.22793
23.23549
23.24305
23.25062
23.25818
23.26575
23.27331
23.28087
23.28844
23.296
23.30356
23.31113
23.31869
23.32625
23.33382
23.34138
23.34895
23.35651
23.36407
23.37164
23.3792
23.38676
23.39433
23.40189
23.40945
23.41702
23.42458
23.43215
23.43971
23.44727
23.45484
23.4624
23.46996
23.47753
23.48509
23.49265
23.50022
23.50778
23.51535
23.52291
23.53047
23.53804
23.5456
23.55316
23.56073
23.56829
23.57585
23.58342
23.59098
23.59855
23.60611
23.61367
23.62124
23.6288
23.63636
23.64393
23.65149
23.65905
23.66662
23.67418
23.68175
23.68931
23.69687
23.70444
23.712
23.71956
23.72713
23.73469
23.74225
23.74982
23.75738
23.76495
23.77251
23.78007
23.78764
23.7952
23.80276
23.81033
23.81789
23.82545
23.83302
23.84058
23.84815
23.85571
23.86327
23.87084
23.8784
23.88596
23.89353
23.90109
23.90865
23.91622
23.92378
23.93135
23.93891
23.94647
23.95404
23.9616
23.96916
23.97673
23.98429
23.99185
23.99942
24.00698
24.01455
24.02211
24.02967
24.03724
24.0448
24.05236
24.05993
24.06749
24.07505
24.08262
24.09018
24.09775
24.10531
24.11287
24.12044
24.128
24.13556
24.14313
24.15069
24.15825
24.16582
24.17338
24.18095
24.18851
24.19607
24.20364
24.2112
24.21876
24.22633
24.23389
24.24145
24.24902
24.25658
24.26415
24.27171
24.27927
24.28684
24.2944
24.30196
24.30953
24.31709
24.32465
24.33222
24.33978
24.34735
24.35491
24.36247
24.37004
24.3776
24.38516
24.39273
24.40029
24.40785
24.41542
24.42298
24.43055
24.43811
24.44567
24.45324
24.4608
24.46836
24.47593
24.48349
24.49105
24.49862
24.50618
24.51375
24.52131
24.52887
24.53644
24.544
24.55156
24.55913
24.56669
24.57425
24.58182
24.58938
24.59695
24.60451
24.61207
24.61964
24.6272
24.63476
24.64233
24.64989
24.65745
24.66502
24.67258
24.68015
24.68771
24.69527
24.70284
24.7104
24.71796
24.72553
24.73309
24.74065
24.74822
24.75578
24.76335
24.77091
24.77847
24.78604
24.7936
24.80116
24.80873
24.81629
24.82385
24.83142
24.83898
24.84655
24.85411
24.86167
24.86924
24.8768
24.88436
24.89193
24.89949
24.90705
24.91462
24.92218
24.92975
24.93731
24.94487
24.95244
24.96
24.96756
24.97513
24.98269
24.99025
24.99782
25.00538
25.01295
25.02051
25.02807
25.03564
25.0432
25.05076
25.05833
25.06589
25.07345
25.08102
25.08858
25.09615
25.10371
25.11127
25.11884
25.1264
25.13396
25.14153
25.14909
25.15665
25.16422
25.17178
25.17935
25.18691
25.19447
25.20204
25.2096
25.21716
25.22473
25.23229
25.23985
25.24742
25.25498
25.26255
25.27011
25.27767
25.28524
25.2928
25.30036
25.30793
25.31549
25.32305
25.33062
25.33818
25.34575
25.35331
25.36087
25.36844
25.376
25.38356
25.39113
25.39869
25.40625
25.41382
25.42138
25.42895
25.43651
25.44407
25.45164
25.4592
25.46676
25.47433
25.48189
25.48945
25.49702
25.50458
25.51215
25.51971
25.52727
25.53484
25.5424
25.54996
25.55753
25.56509
25.57265
25.58022
25.58778
25.59535
25.60291
25.61047
25.61804
25.6256
25.63316
25.64073
25.64829
25.65585
25.66342
25.67098
25.67855
25.68611
25.69367
25.70124
25.7088
25.71636
25.72393
25.73149
25.73905
25.74662
25.75418
25.76175
25.76931
25.77687
25.78444
25.792
25.79956
25.80713
25.81469
25.82225
25.82982
25.83738
25.84495
25.85251
25.86007
25.86764
25.8752
25.88276
25.89033
25.89789
25.90545
25.91302
25.92058
25.92815
25.93571
25.94327
25.95084
25.9584
25.96596
25.97353
25.98109
25.98865
25.99622
26.00378
26.01135
26.01891
26.02647
26.03404
26.0416
26.04916
26.05673
26.06429
26.07185
26.07942
26.08698
26.09455
26.10211
26.10967
26.11724
26.1248
26.13236
26.13993
26.14749
26.15505
26.16262
26.17018
26.17775
26.18531
26.19287
26.20044
26.208
26.21556
26.22313
26.23069
26.23825
26.24582
26.25338
26.26095
26.26851
26.27607
26.28364
26.2912
26.29876
26.30633
26.31389
26.32145
26.32902
26.33658
26.34415
26.35171
26.35927
26.36684
26.3744
26.38196
26.38953
26.39709
26.40465
26.41222
26.41978
26.42735
26.43491
26.44247
26.45004
26.4576
26.46516
26.47273
26.48029
26.48785
26.49542
26.50298
26.51055
26.51811
26.52567
26.53324
26.5408
26.54836
26.55593
26.56349
26.57105
26.57862
26.58618
26.59375
26.60131
26.60887
26.61644
26.624
26.63156
26.63913
26.64669
26.65425
26.66182
26.66938
26.67695
26.68451
26.69207
26.69964
26.7072
26.71476
26.72233
26.72989
26.73745
26.74502
26.75258
26.76015
26.76771
26.77527
26.78284
26.7904
26.79796
26.80553
26.81309
26.82065
26.82822
26.83578
26.84335
26.85091
26.85847
26.86604
26.8736
26.88116
26.88873
26.89629
26.90385
26.91142
26.91898
26.92655
26.93411
26.94167
26.94924
26.9568
26.96436
26.97193
26.97949
26.98705
26.99462
27.00218
27.00975
27.01731
27.02487
27.03244
27.04
27.04756
27.05513
27.06269
27.07025
27.07782
27.08538
27.09295
27.10051
27.10807
27.11564
27.1232
27.13076
27.13833
27.14589
27.15345
27.16102
27.16858
27.17615
27.18371
27.19127
27.19884
27.2064
27.21396
27.22153
27.22909
27.23665
27.24422
27.25178
27.25935
27.26691
27.27447
27.28204
27.2896
27.29716
27.30473
27.31229
27.31985
27.32742
27.33498
27.34255
27.35011
27.35767
27.36524
27.3728
27.38036
27.38793
27.39549
27.40305
27.41062
27.41818
27.42575
27.43331
27.44087
27.44844
27.456
27.46356
27.47113
27.47869
27.48625
27.49382
27.50138
27.50895
27.51651
27.52407
27.53164
27.5392
27.54676
27.55433
27.56189
27.56945
27.57702
27.58458
27.59215
27.59971
27.60727
27.61484
27.6224
27.62996
27.63753
27.64509
27.65265
27.66022
27.66778
27.67535
27.68291
27.69047
27.69804
27.7056
27.71316
27.72073
27.72829
27.73585
27.74342
27.75098
27.75855
27.76611
27.77367
27.78124
27.7888
27.79636
27.80393
27.81149
27.81905
27.82662
27.83418
27.84175
27.84931
27.85687
27.86444
27.872
27.87956
27.88713
27.89469
27.90225
27.90982
27.91738
27.92495
27.93251
27.94007
27.94764
27.9552
27.96276
27.97033
27.97789
27.98545
27.99302
28.00058
28.00815
28.01571
28.02327
28.03084
28.0384
28.04596
28.05353
28.06109
28.06865
28.07622
28.08378
28.09135
28.09891
28.10647
28.11404
28.1216
28.12916
28.13673
28.14429
28.15185
28.15942
28.16698
28.17455
28.18211
28.18967
28.19724
28.2048
28.21236
28.21993
28.22749
28.23505
28.24262
28.25018
28.25775
28.26531
28.27287
28.28044
28.288
28.29556
28.30313
28.31069
28.31825
28.32582
28.33338
28.34095
28.34851
28.35607
28.36364
28.3712
28.37876
28.38633
28.39389
28.40145
28.40902
28.41658
28.42415
28.43171
28.43927
28.44684
28.4544
28.46196
28.46953
28.47709
28.48465
28.49222
28.49978
28.50735
28.51491
28.52247
28.53004
28.5376
28.54516
28.55273
28.56029
28.56785
28.57542
28.58298
28.59055
28.59811
28.60567
28.61324
28.6208
28.62836
28.63593
28.64349
28.65105
28.65862
28.66618
28.67375
28.68131
28.68887
28.69644
28.704
28.71156
28.71913
28.72669
28.73425
28.74182
28.74938
28.75695
28.76451
28.77207
28.77964
28.7872
28.79476
28.80233
28.80989
28.81745
28.82502
28.83258
28.84015
28.84771
28.85527
28.86284
28.8704
28.87796
28.88553
28.89309
28.90065
28.90822
28.91578
28.92335
28.93091
28.93847
28.94604
28.9536
28.96116
28.96873
28.97629
28.98385
28.99142
28.99898
29.00655
29.01411
29.02167
29.02924
29.0368
29.04436
29.05193
29.05949
29.06705
29.07462
29.08218
29.08975
29.09731
29.10487
29.11244
29.12
29.12756
29.13513
29.14269
29.15025
29.15782
29.16538
29.17295
29.18051
29.18807
29.19564
29.2032
29.21076
29.21833
29.22589
29.23345
29.24102
29.24858
29.25615
29.26371
29.27127
29.27884
29.2864
29.29396
29.30153
29.30909
29.31665
29.32422
29.33178
29.33935
29.34691
29.35447
29.36204
29.3696
29.37716
29.38473
29.39229
29.39985
29.40742
29.41498
29.42255
29.43011
29.43767
29.44524
29.4528
29.46036
29.46793
29.47549
29.48305
29.49062
29.49818
29.50575
29.51331
29.52087
29.52844
29.536
29.54356
29.55113
29.55869
29.56625
29.57382
29.58138
29.58895
29.59651
29.60407
29.61164
29.6192
29.62676
29.63433
29.64189
29.64945
29.65702
29.66458
29.67215
29.67971
29.68727
29.69484
29.7024
29.70996
29.71753
29.72509
29.73265
29.74022
29.74778
29.75535
29.76291
29.77047
29.77804
29.7856
29.79316
29.80073
29.80829
29.81585
29.82342
29.83098
29.83855
29.84611
29.85367
29.86124
29.8688
29.87636
29.88393
29.89149
29.89905
29.90662
29.91418
29.92175
29.92931
29.93687
29.94444
29.952
29.95956
29.96713
29.97469
29.98225
29.98982
29.99738
30.00495
30.01251
30.02007
30.02764
30.0352
30.04276
30.05033
30.05789
30.06545
30.07302
30.08058
30.08815
30.09571
30.10327
30.11084
30.1184
30.12596
30.13353
30.14109
30.14865
30.15622
30.16378
30.17135
30.17891
30.18647
30.19404
30.2016
30.20916
30.21673
30.22429
30.23185
30.23942
30.24698
30.25455
30.26211
30.26967
30.27724
30.2848
30.29236
30.29993
30.30749
30.31505
30.32262
30.33018
30.33775
30.34531
30.35287
30.36044
30.368
30.37556
30.38313
30.39069
30.39825
30.40582
30.41338
30.42095
30.42851
30.43607
30.44364
30.4512
30.45876
30.46633
30.47389
30.48145
30.48902
30.49658
30.50415
30.51171
30.51927
30.52684
30.5344
30.54196
30.54953
30.55709
30.56465
30.57222
30.57978
30.58735
30.59491
30.60247
30.61004
30.6176
30.62516
30.63273
30.64029
30.64785
30.65542
30.66298
30.67055
30.67811
30.68567
30.69324
30.7008
30.70836
30.71593
30.72349
30.73105
30.73862
30.74618
30.75375
30.76131
30.76887
30.77644
30.784
30.79156
30.79913
30.80669
30.81425
30.82182
30.82938
30.83695
30.84451
30.85207
30.85964
30.8672
30.87476
30.88233
30.88989
30.89745
30.90502
30.91258
30.92015
30.92771
30.93527
30.94284
30.9504
30.95796
30.96553
30.97309
30.98065
30.98822
30.99578
31.00335
31.01091
31.01847
31.02604
31.0336
31.04116
31.04873
31.05629
31.06385
31.07142
31.07898
31.08655
31.09411
31.10167
31.10924
31.1168
31.12436
31.13193
31.13949
31.14705
31.15462
31.16218
31.16975
31.17731
31.18487
31.19244
31.2
31.20756
31.21513
31.22269
31.23025
31.23782
31.24538
31.25295
31.26051
31.26807
31.27564
31.2832
31.29076
31.29833
31.30589
31.31345
31.32102
31.32858
31.33615
31.34371
31.35127
31.35884
31.3664
31.37396
31.38153
31.38909
31.39665
31.40422
31.41178
31.41935
31.42691
31.43447
31.44204
31.4496
31.45716
31.46473
31.47229
31.47985
31.48742
31.49498
31.50255
31.51011
31.51767
31.52524
31.5328
31.54036
31.54793
31.55549
31.56305
31.57062
31.57818
31.58575
31.59331
31.60087
31.60844
31.616
31.62356
31.63113
31.63869
31.64625
31.65382
31.66138
31.66895
31.67651
31.68407
31.69164
31.6992
31.70676
31.71433
31.72189
31.72945
31.73702
31.74458
31.75215
31.75971
31.76727
31.77484
31.7824
31.78996
31.79753
31.80509
31.81265
31.82022
31.82778
31.83535
31.84291
31.85047
31.85804
31.8656
31.87316
31.88073
31.88829
31.89585
31.90342
31.91098
31.91855
31.92611
31.93367
31.94124
31.9488
31.95636
31.96393
31.97149
31.97905
31.98662
31.99418
32.00175
32.00931
32.01687
32.02444
32.032
32.03956
32.04713
32.05469
32.06225
32.06982
32.07738
32.08495
32.09251
32.10007
32.10764
32.1152
32.12276
32.13033
32.13789
32.14545
32.15302
32.16058
32.16815
32.17571
32.18327
32.19084
32.1984
32.20596
32.21353
32.22109
32.22865
32.23622
32.24378
32.25135
32.25891
32.26647
32.27404
32.2816
32.28916
32.29673
32.30429
32.31185
32.31942
32.32698
32.33455
32.34211
32.34967
32.35724
32.3648
32.37236
32.37993
32.38749
32.39505
32.40262
32.41018
32.41775
32.42531
32.43287
32.44044
32.448
32.45556
32.46313
32.47069
32.47825
32.48582
32.49338
32.50095
32.50851
32.51607
32.52364
32.5312
32.53876
32.54633
32.55389
32.56145
32.56902
32.57658
32.58415
32.59171
32.59927
32.60684
32.6144
32.62196
32.62953
32.63709
32.64465
32.65222
32.65978
32.66735
32.67491
32.68247
32.69004
32.6976
32.70516
32.71273
32.72029
32.72785
32.73542
32.74298
32.75055
32.75811
32.76567
32.77324
32.7808
32.78836
32.79593
32.80349
32.81105
32.81862
32.82618
32.83375
32.84131
32.84887
32.85644
32.864
32.87156
32.87913
32.88669
32.89425
32.90182
32.90938
32.91695
32.92451
32.93207
32.93964
32.9472
32.95476
32.96233
32.96989
32.97745
32.98502
32.99258
33.00015
33.00771
33.01527
33.02284
33.0304
33.03796
33.04553
33.05309
33.06065
33.06822
33.07578
33.08335
33.09091
33.09847
33.10604
33.1136
33.12116
33.12873
33.13629
33.14385
33.15142
33.15898
33.16655
33.17411
33.18167
33.18924
33.1968
33.20436
33.21193
33.21949
33.22705
33.23462
33.24218
33.24975
33.25731
33.26487
33.27244
33.28
33.28756
33.29513
33.30269
33.31025
33.31782
33.32538
33.33295
33.34051
33.34807
33.35564
33.3632
33.37076
33.37833
33.38589
33.39345
33.40102
33.40858
33.41615
33.42371
33.43127
33.43884
33.4464
33.45396
33.46153
33.46909
33.47665
33.48422
33.49178
33.49935
33.50691
33.51447
33.52204
33.5296
33.53716
33.54473
33.55229
33.55985
33.56742
33.57498
33.58255
33.59011
33.59767
33.60524
33.6128
33.62036
33.62793
33.63549
33.64305
33.65062
33.65818
33.66575
33.67331
33.68087
33.68844
33.696
33.70356
33.71113
33.71869
33.72625
33.73382
33.74138
33.74895
33.75651
33.76407
33.77164
33.7792
33.78676
33.79433
33.80189
33.80945
33.81702
33.82458
33.83215
33.83971
33.84727
33.85484
33.8624
33.86996
33.87753
33.88509
33.89265
33.90022
33.90778
33.91535
33.92291
33.93047
33.93804
33.9456
33.95316
33.96073
33.96829
33.97585
33.98342
33.99098
33.99855
34.00611
34.01367
34.02124
34.0288
34.03636
34.04393
34.05149
34.05905
34.06662
34.07418
34.08175
34.08931
34.09687
34.10444
34.112
34.11956
34.12713
34.13469
34.14225
34.14982
34.15738
34.16495
34.17251
34.18007
34.18764
34.1952
34.20276
34.21033
34.21789
34.22545
34.23302
34.24058
34.24815
34.25571
34.26327
34.27084
34.2784
34.28596
34.29353
34.30109
34.30865
34.31622
34.32378
34.33135
34.33891
34.34647
34.35404
34.3616
34.36916
34.37673
34.38429
34.39185
34.39942
34.40698
34.41455
34.42211
34.42967
34.43724
34.4448
34.45236
34.45993
34.46749
34.47505
34.48262
34.49018
34.49775
34.50531
34.51287
34.52044
34.528
34.53556
34.54313
34.55069
34.55825
34.56582
34.57338
34.58095
34.58851
34.59607
34.60364
34.6112
34.61876
34.62633
34.63389
34.64145
34.64902
34.65658
34.66415
34.67171
34.67927
34.68684
34.6944
34.70196
34.70953
34.71709
34.72465
34.73222
34.73978
34.74735
34.75491
34.76247
34.77004
34.7776
34.78516
34.79273
34.80029
34.80785
34.81542
34.82298
34.83055
34.83811
34.84567
34.85324
34.8608
34.86836
34.87593
34.88349
34.89105
34.89862
34.90618
34.91375
34.92131
34.92887
34.93644
34.944
34.95156
34.95913
34.96669
34.97425
34.98182
34.98938
34.99695
35.00451
35.01207
35.01964
35.0272
35.03476
35.04233
35.04989
35.05745
35.06502
35.07258
35.08015
35.08771
35.09527
35.10284
35.1104
35.11796
35.12553
35.13309
35.14065
35.14822
35.15578
35.16335
35.17091
35.17847
35.18604
35.1936
35.20116
35.20873
35.21629
35.22385
35.23142
35.23898
35.24655
35.25411
35.26167
35.26924
35.2768
35.28436
35.29193
35.29949
35.30705
35.31462
35.32218
35.32975
35.33731
35.34487
35.35244
35.36
35.36756
35.37513
35.38269
35.39025
35.39782
35.40538
35.41295
35.42051
35.42807
35.43564
35.4432
35.45076
35.45833
35.46589
35.47345
35.48102
35.48858
35.49615
35.50371
35.51127
35.51884
35.5264
35.53396
35.54153
35.54909
35.55665
35.56422
35.57178
35.57935
35.58691
35.59447
35.60204
35.6096
35.61716
35.62473
35.63229
35.63985
35.64742
35.65498
35.66255
35.67011
35.67767
35.68524
35.6928
35.70036
35.70793
35.71549
35.72305
35.73062
35.73818
35.74575
35.75331
35.76087
35.76844
35.776
35.78356
35.79113
35.79869
35.80625
35.81382
35.82138
35.82895
35.83651
35.84407
35.85164
35.8592
35.86676
35.87433
35.88189
35.88945
35.89702
35.90458
35.91215
35.91971
35.92727
35.93484
35.9424
35.94996
35.95753
35.96509
35.97265
35.98022
35.98778
35.99535
36.00291
36.01047
36.01804
36.0256
36.03316
36.04073
36.04829
36.05585
36.06342
36.07098
36.07855
36.08611
36.09367
36.10124
36.1088
36.11636
36.12393
36.13149
36.13905
36.14662
36.15418
36.16175
36.16931
36.17687
36.18444
36.192
36.19956
36.20713
36.21469
36.22225
36.22982
36.23738
36.24495
36.25251
36.26007
36.26764
36.2752
36.28276
36.29033
36.29789
36.30545
36.31302
36.32058
36.32815
36.33571
36.34327
36.35084
36.3584
36.36596
36.37353
36.38109
36.38865
36.39622
36.40378
36.41135
36.41891
36.42647
36.43404
36.4416
36.44916
36.45673
36.46429
36.47185
36.47942
36.48698
36.49455
36.50211
36.50967
36.51724
36.5248
36.53236
36.53993
36.54749
36.55505
36.56262
36.57018
36.57775
36.58531
36.59287
36.60044
36.608
36.61556
36.62313
36.63069
36.63825
36.64582
36.65338
36.66095
36.66851
36.67607
36.68364
36.6912
36.69876
36.70633
36.71389
36.72145
36.72902
36.73658
36.74415
36.75171
36.75927
36.76684
36.7744
36.78196
36.78953
36.79709
36.80465
36.81222
36.81978
36.82735
36.83491
36.84247
36.85004
36.8576
36.86516
36.87273
36.88029
36.88785
36.89542
36.90298
36.91055
36.91811
36.92567
36.93324
36.9408
36.94836
36.95593
36.96349
36.97105
36.97862
36.98618
36.99375
37.00131
37.00887
37.01644
37.024
37.03156
37.03913
37.04669
37.05425
37.06182
37.06938
37.07695
37.08451
37.09207
37.09964
37.1072
37.11476
37.12233
37.12989
37.13745
37.14502
37.15258
37.16015
37.16771
37.17527
37.18284
37.1904
37.19796
37.20553
37.21309
37.22065
37.22822
37.23578
37.24335
37.25091
37.25847
37.26604
37.2736
37.28116
37.28873
37.29629
37.30385
37.31142
37.31898
37.32655
37.33411
37.34167
37.34924
37.3568
37.36436
37.37193
37.37949
37.38705
37.39462
37.40218
37.40975
37.41731
37.42487
37.43244
37.44
37.44756
37.45513
37.46269
37.47025
37.47782
37.48538
37.49295
37.50051
37.50807
37.51564
37.5232
37.53076
37.53833
37.54589
37.55345
37.56102
37.56858
37.57615
37.58371
37.59127
37.59884
37.6064
37.61396
37.62153
37.62909
37.63665
37.64422
37.65178
37.65935
37.66691
37.67447
37.68204
37.6896
37.69716
37.70473
37.71229
37.71985
37.72742
37.73498
37.74255
37.75011
37.75767
37.76524
37.7728
37.78036
37.78793
37.79549
37.80305
37.81062
37.81818
37.82575
37.83331
37.84087
37.84844
37.856
37.86356
37.87113
37.87869
37.88625
37.89382
37.90138
37.90895
37.91651
37.92407
37.93164
37.9392
37.94676
37.95433
37.96189
37.96945
37.97702
37.98458
37.99215
37.99971
38.00727
38.01484
38.0224
38.02996
38.03753
38.04509
38.05265
38.06022
38.06778
38.07535
38.08291
38.09047
38.09804
38.1056
38.11316
38.12073
38.12829
38.13585
38.14342
38.15098
38.15855
38.16611
38.17367
38.18124
38.1888
38.19636
38.20393
38.21149
38.21905
38.22662
38.23418
38.24175
38.24931
38.25687
38.26444
38.272
38.27956
38.28713
38.29469
38.30225
38.30982
38.31738
38.32495
38.33251
38.34007
38.34764
38.3552
38.36276
38.37033
38.37789
38.38545
38.39302
38.40058
38.40815
38.41571
38.42327
38.43084
38.4384
38.44596
38.45353
38.46109
38.46865
38.47622
38.48378
38.49135
38.49891
38.50647
38.51404
38.5216
38.52916
38.53673
38.54429
38.55185
38.55942
38.56698
38.57455
38.58211
38.58967
38.59724
38.6048
38.61236
38.61993
38.62749
38.63505
38.64262
38.65018
38.65775
38.66531
38.67287
38.68044
38.688
38.69556
38.70313
38.71069
38.71825
38.72582
38.73338
38.74095
38.74851
38.75607
38.76364
38.7712
38.77876
38.78633
38.79389
38.80145
38.80902
38.81658
38.82415
38.83171
38.83927
38.84684
38.8544
38.86196
38.86953
38.87709
38.88465
38.89222
38.89978
38.90735
38.91491
38.92247
38.93004
38.9376
38.94516
38.95273
38.96029
38.96785
38.97542
38.98298
38.99055
38.99811
39.00567
39.01324
39.0208
39.02836
39.03593
39.04349
39.05105
39.05862
39.06618
39.07375
39.08131
39.08887
39.09644
39.104
39.11156
39.11913
39.12669
39.13425
39.14182
39.14938
39.15695
39.16451
39.17207
39.17964
39.1872
39.19476
39.20233
39.20989
39.21745
39.22502
39.23258
39.24015
39.24771
39.25527
39.26284
39.2704
39.27796
39.28553
39.29309
39.30065
39.30822
39.31578
39.32335
39.33091
39.33847
39.34604
39.3536
39.36116
39.36873
39.37629
39.38385
39.39142
39.39898
39.40655
39.41411
39.42167
39.42924
39.4368
39.44436
39.45193
39.45949
39.46705
39.47462
39.48218
39.48975
39.49731
39.50487
39.51244
39.52
39.52756
39.53513
39.54269
39.55025
39.55782
39.56538
39.57295
39.58051
39.58807
39.59564
39.6032
39.61076
39.61833
39.62589
39.63345
39.64102
39.64858
39.65615
39.66371
39.67127
39.67884
39.6864
39.69396
39.70153
39.70909
39.71665
39.72422
39.73178
39.73935
39.74691
39.75447
39.76204
39.7696
39.77716
39.78473
39.79229
39.79985
39.80742
39.81498
39.82255
39.83011
39.83767
39.84524
39.8528
39.86036
39.86793
39.87549
39.88305
39.89062
39.89818
39.90575
39.91331
39.92087
39.92844
39.936
39.94356
39.95113
39.95869
39.96625
39.97382
39.98138
39.98895
39.99651
40.00407
40.01164
40.0192
40.02676
40.03433
40.04189
40.04945
40.05702
40.06458
40.07215
40.07971
40.08727
40.09484
40.1024
40.10996
40.11753
40.12509
40.13265
40.14022
40.14778
40.15535
40.16291
40.17047
40.17804
40.1856
40.19316
40.20073
40.20829
40.21585
40.22342
40.23098
40.23855
40.24611
40.25367
40.26124
40.2688
40.27636
40.28393
40.29149
40.29905
40.30662
40.31418
40.32175
40.32931
40.33687
40.34444
40.352
40.35956
40.36713
40.37469
40.38225
40.38982
40.39738
40.40495
40.41251
40.42007
40.42764
40.4352
40.44276
40.45033
40.45789
40.46545
40.47302
40.48058
40.48815
40.49571
40.50327
40.51084
40.5184
40.52596
40.53353
40.54109
40.54865
40.55622
40.56378
40.57135
40.57891
40.58647
40.59404
40.6016
40.60916
40.61673
40.62429
40.63185
40.63942
40.64698
40.65455
40.66211
40.66967
40.67724
40.6848
40.69236
40.69993
40.70749
40.71505
40.72262
40.73018
40.73775
40.74531
40.75287
40.76044
40.768
40.77556
40.78313
40.79069
40.79825
40.80582
40.81338
40.82095
40.82851
40.83607
40.84364
40.8512
40.85876
40.86633
40.87389
40.88145
40.88902
40.89658
40.90415
40.91171
40.91927
40.92684
40.9344
40.94196
40.94953
40.95709
40.96465
40.97222
40.97978
40.98735
40.99491
41.00247
41.01004
41.0176
41.02516
41.03273
41.04029
41.04785
41.05542
41.06298
41.07055
41.07811
41.08567
41.09324
41.1008
41.10836
41.11593
41.12349
41.13105
41.13862
41.14618
41.15375
41.16131
41.16887
41.17644
41.184
41.19156
41.19913
41.20669
41.21425
41.22182
41.22938
41.23695
41.24451
41.25207
41.25964
41.2672
41.27476
41.28233
41.28989
41.29745
41.30502
41.31258
41.32015
41.32771
41.33527
41.34284
41.3504
41.35796
41.36553
41.37309
41.38065
41.38822
41.39578
41.40335
41.41091
41.41847
41.42604
41.4336
41.44116
41.44873
41.45629
41.46385
41.47142
41.47898
41.48655
41.49411
41.50167
41.50924
41.5168
41.52436
41.53193
41.53949
41.54705
41.55462
41.56218
41.56975
41.57731
41.58487
41.59244
41.6
41.60756
41.61513
41.62269
41.63025
41.63782
41.64538
41.65295
41.66051
41.66807
41.67564
41.6832
41.69076
41.69833
41.70589
41.71345
41.72102
41.72858
41.73615
41.74371
41.75127
41.75884
41.7664
41.77396
41.78153
41.78909
41.79665
41.80422
41.81178
41.81935
41.82691
41.83447
41.84204
41.8496
41.85716
41.86473
41.87229
41.87985
41.88742
41.89498
41.90255
41.91011
41.91767
41.92524
41.9328
41.94036
41.94793
41.95549
41.96305
41.97062
41.97818
41.98575
41.99331
42.00087
42.00844
42.016
42.02356
42.03113
42.03869
42.04625
42.05382
42.06138
42.06895
42.07651
42.08407
42.09164
42.0992
42.10676
42.11433
42.12189
42.12945
42.13702
42.14458
42.15215
42.15971
42.16727
42.17484
42.1824
42.18996
42.19753
42.20509
42.21265
42.22022
42.22778
42.23535
42.24291
42.25047
42.25804
42.2656
42.27316
42.28073
42.28829
42.29585
42.30342
42.31098
42.31855
42.32611
42.33367
42.34124
42.3488
42.35636
42.36393
42.37149
42.37905
42.38662
42.39418
42.40175
42.40931
42.41687
42.42444
42.432
42.43956
42.44713
42.45469
42.46225
42.46982
42.47738
42.48495
42.49251
42.50007
42.50764
42.5152
42.52276
42.53033
42.53789
42.54545
42.55302
42.56058
42.56815
42.57571
42.58327
42.59084
42.5984
42.60596
42.61353
42.62109
42.62865
42.63622
42.64378
42.65135
42.65891
42.66647
42.67404
42.6816
42.68916
42.69673
42.70429
42.71185
42.71942
42.72698
42.73455
42.74211
42.74967
42.75724
42.7648
42.77236
42.77993
42.78749
42.79505
42.80262
42.81018
42.81775
42.82531
42.83287
42.84044
42.848
42.85556
42.86313
42.87069
42.87825
42.88582
42.89338
42.90095
42.90851
42.91607
42.92364
42.9312
42.93876
42.94633
42.95389
42.96145
42.96902
42.97658
42.98415
42.99171
42.99927
43.00684
43.0144
43.02196
43.02953
43.03709
43.04465
43.05222
43.05978
43.06735
43.07491
43.08247
43.09004
43.0976
43.10516
43.11273
43.12029
43.12785
43.13542
43.14298
43.15055
43.15811
43.16567
43.17324
43.1808
43.18836
43.19593
43.20349
43.21105
43.21862
43.22618
43.23375
43.24131
43.24887
43.25644
43.264
43.27156
43.27913
43.28669
43.29425
43.30182
43.30938
43.31695
43.32451
43.33207
43.33964
43.3472
43.35476
43.36233
43.36989
43.37745
43.38502
43.39258
43.40015
43.40771
43.41527
43.42284
43.4304
43.43796
43.44553
43.45309
43.46065
43.46822
43.47578
43.48335
43.49091
43.49847
43.50604
43.5136
43.52116
43.52873
43.53629
43.54385
43.55142
43.55898
43.56655
43.57411
43.58167
43.58924
43.5968
43.60436
43.61193
43.61949
43.62705
43.63462
43.64218
43.64975
43.65731
43.66487
43.67244
43.68
43.68756
43.69513
43.70269
43.71025
43.71782
43.72538
43.73295
43.74051
43.74807
43.75564
43.7632
43.77076
43.77833
43.78589
43.79345
43.80102
43.80858
43.81615
43.82371
43.83127
43.83884
43.8464
43.85396
43.86153
43.86909
43.87665
43.88422
43.89178
43.89935
43.90691
43.91447
43.92204
43.9296
43.93716
43.94473
43.95229
43.95985
43.96742
43.97498
43.98255
43.99011
43.99767
44.00524
44.0128
44.02036
44.02793
44.03549
44.04305
44.05062
44.05818
44.06575
44.07331
44.08087
44.08844
44.096
44.10356
44.11113
44.11869
44.12625
44.13382
44.14138
44.14895
44.15651
44.16407
44.17164
44.1792
44.18676
44.19433
44.20189
44.20945
44.21702
44.22458
44.23215
44.23971
44.24727
44.25484
44.2624
44.26996
44.27753
44.28509
44.29265
44.30022
44.30778
44.31535
44.32291
44.33047
44.33804
44.3456
44.35316
44.36073
44.36829
44.37585
44.38342
44.39098
44.39855
44.40611
44.41367
44.42124
44.4288
44.43636
44.44393
44.45149
44.45905
44.46662
44.47418
44.48175
44.48931
44.49687
44.50444
44.512
44.51956
44.52713
44.53469
44.54225
44.54982
44.55738
44.56495
44.57251
44.58007
44.58764
44.5952
44.60276
44.61033
44.61789
44.62545
44.63302
44.64058
44.64815
44.65571
44.66327
44.67084
44.6784
44.68596
44.69353
44.70109
44.70865
44.71622
44.72378
44.73135
44.73891
44.74647
44.75404
44.7616
44.76916
44.77673
44.78429
44.79185
44.79942
44.80698
44.81455
44.82211
44.82967
44.83724
44.8448
44.85236
44.85993
44.86749
44.87505
44.88262
44.89018
44.89775
44.90531
44.91287
44.92044
44.928
44.93556
44.94313
44.95069
44.95825
44.96582
44.97338
44.98095
44.98851
44.99607
45.00364
45.0112
45.01876
45.02633
45.03389
45.04145
45.04902
45.05658
45.06415
45.07171
45.07927
45.08684
45.0944
45.10196
45.10953
45.11709
45.12465
45.13222
45.13978
45.14735
45.15491
45.16247
45.17004
45.1776
45.18516
45.19273
45.20029
45.20785
45.21542
45.22298
45.23055
45.23811
45.24567
45.25324
45.2608
45.26836
45.27593
45.28349
45.29105
45.29862
45.30618
45.31375
45.32131
45.32887
45.33644
45.344
45.35156
45.35913
45.36669
45.37425
45.38182
45.38938
45.39695
45.40451
45.41207
45.41964
45.4272
45.43476
45.44233
45.44989
45.45745
45.46502
45.47258
45.48015
45.48771
45.49527
45.50284
45.5104
45.51796
45.52553
45.53309
45.54065
45.54822
45.55578
45.56335
45.57091
45.57847
45.58604
45.5936
45.60116
45.60873
45.61629
45.62385
45.63142
45.63898
45.64655
45.65411
45.66167
45.66924
45.6768
45.68436
45.69193
45.69949
45.70705
45.71462
45.72218
45.72975
45.73731
45.74487
45.75244
45.76
45.76756
45.77513
45.78269
45.79025
45.79782
45.80538
45.81295
45.82051
45.82807
45.83564
45.8432
45.85076
45.85833
45.86589
45.87345
45.88102
45.88858
45.89615
45.90371
45.91127
45.91884
45.9264
45.93396
45.94153
45.94909
45.95665
45.96422
45.97178
45.97935
45.98691
45.99447
46.00204
46.0096
46.01716
46.02473
46.03229
46.03985
46.04742
46.05498
46.06255
46.07011
46.07767
46.08524
46.0928
46.10036
46.10793
46.11549
46.12305
46.13062
46.13818
46.14575
46.15331
46.16087
46.16844
46.176
46.18356
46.19113
46.19869
46.20625
46.21382
46.22138
46.22895
46.23651
46.24407
46.25164
46.2592
46.26676
46.27433
46.28189
46.28945
46.29702
46.30458
46.31215
46.31971
46.32727
46.33484
46.3424
46.34996
46.35753
46.36509
46.37265
46.38022
46.38778
46.39535
46.40291
46.41047
46.41804
46.4256
46.43316
46.44073
46.44829
46.45585
46.46342
46.47098
46.47855
46.48611
46.49367
46.50124
46.5088
46.51636
46.52393
46.53149
46.53905
46.54662
46.55418
46.56175
46.56931
46.57687
46.58444
46.592
46.59956
46.60713
46.61469
46.62225
46.62982
46.63738
46.64495
46.65251
46.66007
46.66764
46.6752
46.68276
46.69033
46.69789
46.70545
46.71302
46.72058
46.72815
46.73571
46.74327
46.75084
46.7584
46.76596
46.77353
46.78109
46.78865
46.79622
46.80378
46.81135
46.81891
46.82647
46.83404
46.8416
46.84916
46.85673
46.86429
46.87185
46.87942
46.88698
46.89455
46.90211
46.90967
46.91724
46.9248
46.93236
46.93993
46.94749
46.95505
46.96262
46.97018
46.97775
46.98531
46.99287
47.00044
47.008
47.01556
47.02313
47.03069
47.03825
47.04582
47.05338
47.06095
47.06851
47.07607
47.08364
47.0912
47.09876
47.10633
47.11389
47.12145
47.12902
47.13658
47.14415
47.15171
47.15927
47.16684
47.1744
47.18196
47.18953
47.19709
47.20465
47.21222
47.21978
47.22735
47.23491
47.24247
47.25004
47.2576
47.26516
47.27273
47.28029
47.28785
47.29542
47.30298
47.31055
47.31811
47.32567
47.33324
47.3408
47.34836
47.35593
47.36349
47.37105
47.37862
47.38618
47.39375
47.40131
47.40887
47.41644
47.424
47.43156
47.43913
47.44669
47.45425
47.46182
47.46938
47.47695
47.48451
47.49207
47.49964
47.5072
47.51476
47.52233
47.52989
47.53745
47.54502
47.55258
47.56015
47.56771
47.57527
47.58284
47.5904
47.59796
47.60553
47.61309
47.62065
47.62822
47.63578
47.64335
47.65091
47.65847
47.66604
47.6736
47.68116
47.68873
47.69629
47.70385
47.71142
47.71898
47.72655
47.73411
47.74167
47.74924
47.7568
47.76436
47.77193
47.77949
47.78705
47.79462
47.80218
47.80975
47.81731
47.82487
47.83244
47.84
47.84756
47.85513
47.86269
47.87025
47.87782
47.88538
47.89295
47.90051
47.90807
47.91564
47.9232
47.93076
47.93833
47.94589
47.95345
47.96102
47.96858
47.97615
47.98371
47.99127
47.99884
48.0064
48.01396
48.02153
48.02909
48.03665
48.04422
48.05178
48.05935
48.06691
48.07447
48.08204
48.0896
48.09716
48.10473
48.11229
48.11985
48.12742
48.13498
48.14255
48.15011
48.15767
48.16524
48.1728
48.18036
48.18793
48.19549
48.20305
48.21062
48.21818
48.22575
48.23331
48.24087
48.24844
48.256
48.26356
48.27113
48.27869
48.28625
48.29382
48.30138
48.30895
48.31651
48.32407
48.33164
48.3392
48.34676
48.35433
48.36189
48.36945
48.37702
48.38458
48.39215
48.39971
48.40727
48.41484
48.4224
48.42996
48.43753
48.44509
48.45265
48.46022
48.46778
48.47535
48.48291
48.49047
48.49804
48.5056
48.51316
48.52073
48.52829
48.53585
48.54342
48.55098
48.55855
48.56611
48.57367
48.58124
48.5888
48.59636
48.60393
48.61149
48.61905
48.62662
48.63418
48.64175
48.64931
48.65687
48.66444
48.672
48.67956
48.68713
48.69469
48.70225
48.70982
48.71738
48.72495
48.73251
48.74007
48.74764
48.7552
48.76276
48.77033
48.77789
48.78545
48.79302
48.80058
48.80815
48.81571
48.82327
48.83084
48.8384
48.84596
48.85353
48.86109
48.86865
48.87622
48.88378
48.89135
48.89891
48.90647
48.91404
48.9216
48.92916
48.93673
48.94429
48.95185
48.95942
48.96698
48.97455
48.98211
48.98967
48.99724
49.0048
49.01236
49.01993
49.02749
49.03505
49.04262
49.05018
49.05775
49.06531
49.07287
49.08044
49.088
49.09556
49.10313
49.11069
49.11825
49.12582
49.13338
49.14095
49.14851
49.15607
49.16364
49.1712
49.17876
49.18633
49.19389
49.20145
49.20902
49.21658
49.22415
49.23171
49.23927
49.24684
49.2544
49.26196
49.26953
49.27709
49.28465
49.29222
49.29978
49.30735
49.31491
49.32247
49.33004
49.3376
49.34516
49.35273
49.36029
49.36785
49.37542
49.38298
49.39055
49.39811
49.40567
49.41324
49.4208
49.42836
49.43593
49.44349
49.45105
49.45862
49.46618
49.47375
49.48131
49.48887
49.49644
49.504
49.51156
49.51913
49.52669
49.53425
49.54182
49.54938
49.55695
49.56451
49.57207
49.57964
49.5872
49.59476
49.60233
49.60989
49.61745
49.62502
49.63258
49.64015
49.64771
49.65527
49.66284
49.6704
49.67796
49.68553
49.69309
49.70065
49.70822
49.71578
49.72335
49.73091
49.73847
49.74604
49.7536
49.76116
49.76873
49.77629
49.78385
49.79142
49.79898
49.80655
49.81411
49.82167
49.82924
49.8368
49.84436
49.85193
49.85949
49.86705
49.87462
49.88218
49.88975
49.89731
49.90487
49.91244
49.92
49.92756
49.93513
49.94269
49.95025
49.95782
49.96538
49.97295
49.98051
49.98807
49.99564
50.0032
50.01076
50.01833
50.02589
50.03345
50.04102
50.04858
50.05615
50.06371
50.07127
50.07884
50.0864
50.09396
50.10153
50.10909
50.11665
50.12422
50.13178
50.13935
50.14691
50.15447
50.16204
50.1696
50.17716
50.18473
50.19229
50.19985
50.20742
50.21498
50.22255
50.23011
50.23767
50.24524
50.2528
50.26036
50.26793
50.27549
50.28305
50.29062
50.29818
50.30575
50.31331
50.32087
50.32844
50.336
50.34356
50.35113
50.35869
50.36625
50.37382
50.38138
50.38895
50.39651
50.40407
50.41164
50.4192
50.42676
50.43433
50.44189
50.44945
50.45702
50.46458
50.47215
50.47971
50.48727
50.49484
50.5024
50.50996
50.51753
50.52509
50.53265
50.54022
50.54778
50.55535
50.56291
50.57047
50.57804
50.5856
50.59316
50.60073
50.60829
50.61585
50.62342
50.63098
50.63855
50.64611
50.65367
50.66124
50.6688
50.67636
50.68393
50.69149
50.69905
50.70662
50.71418
50.72175
50.72931
50.73687
50.74444
50.752
50.75956
50.76713
50.77469
50.78225
50.78982
50.79738
50.80495
50.81251
50.82007
50.82764
50.8352
50.84276
50.85033
50.85789
50.86545
50.87302
50.88058
50.88815
50.89571
50.90327
50.91084
50.9184
50.92596
50.93353
50.94109
50.94865
50.95622
50.96378
50.97135
50.97891
50.98647
50.99404
51.0016
51.00916
51.01673
51.02429
51.03185
51.03942
51.04698
51.05455
51.06211
51.06967
51.07724
51.0848
51.09236
51.09993
51.10749
51.11505
51.12262
51.13018
51.13775
51.14531
51.15287
51.16044
51.168
51.17556
51.18313
51.19069
51.19825
51.20582
51.21338
51.22095
51.22851
51.23607
51.24364
51.2512
51.25876
51.26633
51.27389
51.28145
51.28902
51.29658
51.30415
51.31171
51.31927
51.32684
51.3344
51.34196
51.34953
51.35709
51.36465
51.37222
51.37978
51.38735
51.39491
51.40247
51.41004
51.4176
51.42516
51.43273
51.44029
51.44785
51.45542
51.46298
51.47055
51.47811
51.48567
51.49324
51.5008
51.50836
51.51593
51.52349
51.53105
51.53862
51.54618
51.55375
51.56131
51.56887
51.57644
51.584
51.59156
51.59913
51.60669
51.61425
51.62182
51.62938
51.63695
51.64451
51.65207
51.65964
51.6672
51.67476
51.68233
51.68989
51.69745
51.70502
51.71258
51.72015
51.72771
51.73527
51.74284
51.7504
51.75796
51.76553
51.77309
51.78065
51.78822
51.79578
51.80335
51.81091
51.81847
51.82604
51.8336
51.84116
51.84873
51.85629
51.86385
51.87142
51.87898
51.88655
51.89411
51.90167
51.90924
51.9168
51.92436
51.93193
51.93949
51.94705
51.95462
51.96218
51.96975
51.97731
51.98487
51.99244
52
52.00756
52.01513
52.02269
52.03025
52.03782
52.04538
52.05295
52.06051
52.06807
52.07564
52.0832
52.09076
52.09833
52.10589
52.11345
52.12102
52.12858
52.13615
52.14371
52.15127
52.15884
52.1664
52.17396
52.18153
52.18909
52.19665
52.20422
52.21178
52.21935
52.22691
52.23447
52.24204
52.2496
52.25716
52.26473
52.27229
52.27985
52.28742
52.29498
52.30255
52.31011
52.31767
52.32524
52.3328
52.34036
52.34793
52.35549
52.36305
52.37062
52.37818
52.38575
52.39331
52.40087
52.40844
52.416
52.42356
52.43113
52.43869
52.44625
52.45382
52.46138
52.46895
52.47651
52.48407
52.49164
52.4992
52.50676
52.51433
52.52189
52.52945
52.53702
52.54458
52.55215
52.55971
52.56727
52.57484
52.5824
52.58996
52.59753
52.60509
52.61265
52.62022
52.62778
52.63535
52.64291
52.65047
52.65804
52.6656
52.67316
52.68073
52.68829
52.69585
52.70342
52.71098
52.71855
52.72611
52.73367
52.74124
52.7488
52.75636
52.76393
52.77149
52.77905
52.78662
52.79418
52.80175
52.80931
52.81687
52.82444
52.832
52.83956
52.84713
52.85469
52.86225
52.86982
52.87738
52.88495
52.89251
52.90007
52.90764
52.9152
52.92276
52.93033
52.93789
52.94545
52.95302
52.96058
52.96815
52.97571
52.98327
52.99084
52.9984
53.00596
53.01353
53.02109
53.02865
53.03622
53.04378
53.05135
53.05891
53.06647
53.07404
53.0816
53.08916
53.09673
53.10429
53.11185
53.11942
53.12698
53.13455
53.14211
53.14967
53.15724
53.1648
53.17236
53.17993
53.18749
53.19505
53.20262
53.21018
53.21775
53.22531
53.23287
53.24044
53.248
53.25556
53.26313
53.27069
53.27825
53.28582
53.29338
53.30095
53.30851
53.31607
53.32364
53.3312
53.33876
53.34633
53.35389
53.36145
53.36902
53.37658
53.38415
53.39171
53.39927
53.40684
53.4144
53.42196
53.42953
53.43709
53.44465
53.45222
53.45978
53.46735
53.47491
53.48247
53.49004
53.4976
53.50516
53.51273
53.52029
53.52785
53.53542
53.54298
53.55055
53.55811
53.56567
53.57324
53.5808
53.58836
53.59593
53.60349
53.61105
53.61862
53.62618
53.63375
53.64131
53.64887
53.65644
53.664
53.67156
53.67913
53.68669
53.69425
53.70182
53.70938
53.71695
53.72451
53.73207
53.73964
53.7472
53.75476
53.76233
53.76989
53.77745
53.78502
53.79258
53.80015
53.80771
53.81527
53.82284
53.8304
53.83796
53.84553
53.85309
53.86065
53.86822
53.87578
53.88335
53.89091
53.89847
53.90604
53.9136
53.92116
53.92873
53.93629
53.94385
53.95142
53.95898
53.96655
53.97411
53.98167
53.98924
53.9968
54.00436
54.01193
54.01949
54.02705
54.03462
54.04218
54.04975
54.05731
54.06487
54.07244
54.08
54.08756
54.09513
54.10269
54.11025
54.11782
54.12538
54.13295
54.14051
54.14807
54.15564
54.1632
54.17076
54.17833
54.18589
54.19345
54.20102
54.20858
54.21615
54.22371
54.23127
54.23884
54.2464
54.25396
54.26153
54.26909
54.27665
54.28422
54.29178
54.29935
54.30691
54.31447
54.32204
54.3296
54.33716
54.34473
54.35229
54.35985
54.36742
54.37498
54.38255
54.39011
54.39767
54.40524
54.4128
54.42036
54.42793
54.43549
54.44305
54.45062
54.45818
54.46575
54.47331
54.48087
54.48844
54.496
54.50356
54.51113
54.51869
54.52625
54.53382
54.54138
54.54895
54.55651
54.56407
54.57164
54.5792
54.58676
54.59433
54.60189
54.60945
54.61702
54.62458
54.63215
54.63971
54.64727
54.65484
54.6624
54.66996
54.67753
54.68509
54.69265
54.70022
54.70778
54.71535
54.72291
54.73047
54.73804
54.7456
54.75316
54.76073
54.76829
54.77585
54.78342
54.79098
54.79855
54.80611
54.81367
54.82124
54.8288
54.83636
54.84393
54.85149
54.85905
54.86662
54.87418
54.88175
54.88931
54.89687
54.90444
54.912
54.91956
54.92713
54.93469
54.94225
54.94982
54.95738
54.96495
54.97251
54.98007
54.98764
54.9952
55.00276
55.01033
55.01789
55.02545
55.03302
55.04058
55.04815
55.05571
55.06327
55.07084
55.0784
55.08596
55.09353
55.10109
55.10865
55.11622
55.12378
55.13135
55.13891
55.14647
55.15404
55.1616
55.16916
55.17673
55.18429
55.19185
55.19942
55.20698
55.21455
55.22211
55.22967
55.23724
55.2448
55.25236
55.25993
55.26749
55.27505
55.28262
55.29018
55.29775
55.30531
55.31287
55.32044
55.328
55.33556
55.34313
55.35069
55.35825
55.36582
55.37338
55.38095
55.38851
55.39607
55.40364
55.4112
55.41876
55.42633
55.43389
55.44145
55.44902
55.45658
55.46415
55.47171
55.47927
55.48684
55.4944
55.50196
55.50953
55.51709
55.52465
55.53222
55.53978
55.54735
55.55491
55.56247
55.57004
55.5776
55.58516
55.59273
55.60029
55.60785
55.61542
55.62298
55.63055
55.63811
55.64567
55.65324
55.6608
55.66836
55.67593
55.68349
55.69105
55.69862
55.70618
55.71375
55.72131
55.72887
55.73644
55.744
55.75156
55.75913
55.76669
55.77425
55.78182
55.78938
55.79695
55.80451
55.81207
55.81964
55.8272
55.83476
55.84233
55.84989
55.85745
55.86502
55.87258
55.88015
55.88771
55.89527
55.90284
55.9104
55.91796
55.92553
55.93309
55.94065
55.94822
55.95578
55.96335
55.97091
55.97847
55.98604
55.9936
56.00116
56.00873
56.01629
56.02385
56.03142
56.03898
56.04655
56.05411
56.06167
56.06924
56.0768
56.08436
56.09193
56.09949
56.10705
56.11462
56.12218
56.12975
56.13731
56.14487
56.15244
56.16
56.16756
56.17513
56.18269
56.19025
56.19782
56.20538
56.21295
56.22051
56.22807
56.23564
56.2432
56.25076
56.25833
56.26589
56.27345
56.28102
56.28858
56.29615
56.30371
56.31127
56.31884
56.3264
56.33396
56.34153
56.34909
56.35665
56.36422
56.37178
56.37935
56.38691
56.39447
56.40204
56.4096
56.41716
56.42473
56.43229
56.43985
56.44742
56.45498
56.46255
56.47011
56.47767
56.48524
56.4928
56.50036
56.50793
56.51549
56.52305
56.53062
56.53818
56.54575
56.55331
56.56087
56.56844
56.576
56.58356
56.59113
56.59869
56.60625
56.61382
56.62138
56.62895
56.63651
56.64407
56.65164
56.6592
56.66676
56.67433
56.68189
56.68945
56.69702
56.70458
56.71215
56.71971
56.72727
56.73484
56.7424
56.74996
56.75753
56.76509
56.77265
56.78022
56.78778
56.79535
56.80291
56.81047
56.81804
56.8256
56.83316
56.84073
56.84829
56.85585
56.86342
56.87098
56.87855
56.88611
56.89367
56.90124
56.9088
56.91636
56.92393
56.93149
56.93905
56.94662
56.95418
56.96175
56.96931
56.97687
56.98444
56.992
56.99956
57.00713
57.01469
57.02225
57.02982
57.03738
57.04495
57.05251
57.06007
57.06764
57.0752
57.08276
57.09033
57.09789
57.10545
57.11302
57.12058
57.12815
57.13571
57.14327
57.15084
57.1584
57.16596
57.17353
57.18109
57.18865
57.19622
57.20378
57.21135
57.21891
57.22647
57.23404
57.2416
57.24916
57.25673
57.26429
57.27185
57.27942
57.28698
57.29455
57.30211
57.30967
57.31724
57.3248
57.33236
57.33993
57.34749
57.35505
57.36262
57.37018
57.37775
57.38531
57.39287
57.40044
57.408
57.41556
57.42313
57.43069
57.43825
57.44582
57.45338
57.46095
57.46851
57.47607
57.48364
57.4912
57.49876
57.50633
57.51389
57.52145
57.52902
57.53658
57.54415
57.55171
57.55927
57.56684
57.5744
57.58196
57.58953
57.59709
57.60465
57.61222
57.61978
57.62735
57.63491
57.64247
57.65004
57.6576
57.66516
57.67273
57.68029
57.68785
57.69542
57.70298
57.71055
57.71811
57.72567
57.73324
57.7408
57.74836
57.75593
57.76349
57.77105
57.77862
57.78618
57.79375
57.80131
57.80887
57.81644
57.824
57.83156
57.83913
57.84669
57.85425
57.86182
57.86938
57.87695
57.88451
57.89207
57.89964
57.9072
57.91476
57.92233
57.92989
57.93745
57.94502
57.95258
57.96015
57.96771
57.97527
57.98284
57.9904
57.99796
58.00553
58.01309
58.02065
58.02822
58.03578
58.04335
58.05091
58.05847
58.06604
58.0736
58.08116
58.08873
58.09629
58.10385
58.11142
58.11898
58.12655
58.13411
58.14167
58.14924
58.1568
58.16436
58.17193
58.17949
58.18705
58.19462
58.20218
58.20975
58.21731
58.22487
58.23244
58.24
58.24756
58.25513
58.26269
58.27025
58.27782
58.28538
58.29295
58.30051
58.30807
58.31564
58.3232
58.33076
58.33833
58.34589
58.35345
58.36102
58.36858
58.37615
58.38371
58.39127
58.39884
58.4064
58.41396
58.42153
58.42909
58.43665
58.44422
58.45178
58.45935
58.46691
58.47447
58.48204
58.4896
58.49716
58.50473
58.51229
58.51985
58.52742
58.53498
58.54255
58.55011
58.55767
58.56524
58.5728
58.58036
58.58793
58.59549
58.60305
58.61062
58.61818
58.62575
58.63331
58.64087
58.64844
58.656
58.66356
58.67113
58.67869
58.68625
58.69382
58.70138
58.70895
58.71651
58.72407
58.73164
58.7392
58.74676
58.75433
58.76189
58.76945
58.77702
58.78458
58.79215
58.79971
58.80727
58.81484
58.8224
58.82996
58.83753
58.84509
58.85265
58.86022
58.86778
58.87535
58.88291
58.89047
58.89804
58.9056
58.91316
58.92073
58.92829
58.93585
58.94342
58.95098
58.95855
58.96611
58.97367
58.98124
58.9888
58.99636
59.00393
59.01149
59.01905
59.02662
59.03418
59.04175
59.04931
59.05687
59.06444
59.072
59.07956
59.08713
59.09469
59.10225
59.10982
59.11738
59.12495
59.13251
59.14007
59.14764
59.1552
59.16276
59.17033
59.17789
59.18545
59.19302
59.20058
59.20815
59.21571
59.22327
59.23084
59.2384
59.24596
59.25353
59.26109
59.26865
59.27622
59.28378
59.29135
59.29891
59.30647
59.31404
59.3216
59.32916
59.33673
59.34429
59.35185
59.35942
59.36698
59.37455
59.38211
59.38967
59.39724
59.4048
59.41236
59.41993
59.42749
59.43505
59.44262
59.45018
59.45775
59.46531
59.47287
59.48044
59.488
59.49556
59.50313
59.51069
59.51825
59.52582
59.53338
59.54095
59.54851
59.55607
59.56364
59.5712
59.57876
59.58633